0.781693041 0.437532455
0.931047559 0.934973478
0.974656940 0.056951455
0.128306121 0.294693470
0.146904752 0.790430784
0.930263340 0.234378576
0.526299477 0.935328841
0.518517971 0.927059948
0.250841260 0.893866301
0.236528873 0.862464726
0.015117293 0.983691454
0.127344206 0.772093415
0.405150354 0.757489383
0.584636331 0.692675889
0.466877520 0.617719650
0.407279849 0.542747498
0.259834230 0.602852046
0.256949276 0.059407107
0.951208591 0.630710363
0.395152658 0.122759961
0.847713649 0.998692393
0.591664016 0.996473730
0.024899758 0.564857721
0.952217340 0.689828038
0.050800886 0.370710492
0.541436970 0.050332192
0.574890494 0.310593992
0.639855325 0.274714708
0.723982871 0.216916546
0.255579203 0.160643563
